55.0018620475 49.9786441375
50.0988625733 48.8161506794
50.0284655291 50.1821386589
50.2777392489 46.320673178
49.9290545253 50.9348880569
55.1804176659 52.4989177677
58.122173733 47.9632195445
56.7236020965 50.3382328778
53.5564712583 49.3720297889
56.7681242538 51.5804206104
51.8726166165 52.3926507279
57.6307192242 49.9391269713
54.5121085013 48.9473341027
54.4958074365 50.4669740412
56.6830884526 50.0305673013
58.3943825127 50.1530092015
55.0472969503 49.6495752564
57.8837461336 47.5207883096
61.1891925228 46.7307084355
60.7480551692 50.5920177566
59.6597549652 52.6006499518
60.2640653309 50.9814099242
59.6091806781 53.8223782603
63.8150578047 53.0855116294
63.3719970557 53.3132713092
64.1737801742 52.8023177229
64.5223460807 50.755564095
63.7895838478 53.4400892732
62.7496116225 52.5123131054
64.293060864 55.1709392703
66.078313884 55.0601718818
66.8416058022 55.0786321598
65.8678016502 53.4851793284
65.2585428549 54.2304690818
73.1189219178 53.8566572663
67.3320937655 55.589834025
64.7462690973 56.3472621478
66.625833097 55.4489131879
69.318816712 54.4085176027
67.7728197386 55.6114008204
71.8952872999 56.3817766311
72.8741114601 52.4844906396
70.5531150847 52.8115684814
71.1733567952 56.8515340085
69.8350163276 58.5952642765
70.8435975474 57.5431275441
71.5175117188 55.0515346086
71.1547407032 53.9432522903
76.0832462307 52.2331705879
70.8707525845 53.4459548643
71.1704333303 52.1239737265
75.4624927584 58.0861306591
72.5943266298 55.7058872853
72.414432396 58.0584725308
71.3965579567 59.7412917539
75.647509309 58.5606107672
77.5140340447 60.2587342095
75.8985760867 59.9556801629
76.6955014673 58.9736012961
79.5551526292 62.9662283277
77.8428813107 58.8492200465
75.7137323435 61.7500893138
77.8876394176 59.9715573693
79.0337269006 59.5829312478
79.798887798 59.126725847
74.5543627991 62.2576758548
77.8373081848 66.1034291369
82.8811685282 62.188441157
78.5323466541 63.3555263745
80.1589261882 66.9386876726
80.4149988912 66.9628465293
83.9017528746 69.9790195409
80.9791706224 64.3806988362
85.3954066251 64.2500157315
78.7138672868 66.2995207513
83.6412907751 65.8031430108
82.2302332125 64.2099925654
86.6629602785 67.7488681297
82.4025628599 68.563599499
85.4421155662 66.0807071688
84.4940031217 67.6332966258
87.6097783915 69.3399670109
82.3185263743 69.2273456505
85.7201864352 74.0812073468
85.1500049378 71.4568973705
87.7156671385 71.7680836196
83.8125575356 70.8682056425
84.4687813079 73.0465723877
89.0918635832 72.034789104
88.3419631893 71.1335605221
86.7666307409 72.6252696932
89.9184787719 74.0199311454
88.3976304038 73.2060120562
85.7939219291 75.1366905133
85.6166215533 72.0851701186
86.8362537737 78.4706969044
86.8370252308 76.1800243681
86.6095633444 72.1058294517
87.9673342419 80.0643380112
87.4670033122 74.8492136212
86.3063766522 78.3523748024
87.5987763764 80.0676643799
88.0336594522 74.4076583957
87.8460083274 80.4826247402
90.9116524943 82.1104240412
90.9878577716 82.1707508602
92.8961465488 83.5778048601
89.5748515965 80.0431593673
88.7736805937 82.8885172968
91.8529241396 81.4773303008
92.5591892998 81.0130011746
88.6943218998 82.1806177884
88.3860669364 85.1870469818
89.4146139547 87.644067564
89.8491688849 88.1682488191
85.0679400548 85.6548864314
90.5550952529 89.2979873272
90.5656186725 89.4830033438
93.875467317 85.1817562182
87.7502823354 88.6370422211
88.5368102475 87.1050952994
89.0536383271 88.1201736259
91.4118358892 89.8424355952
90.5069138013 87.0239336425
88.5521731282 90.0022483416
85.8815746935 87.5687362539
87.1165372517 89.7617276796
91.2101660183 95.6470519111
90.2168696348 89.2820617206
89.29718021 92.833346045
92.2208829174 91.4980196374
90.1346424614 95.2867806765
90.5517804842 93.5742740587
89.3963789809 93.1421324782
92.1225136468 93.345357695
89.853746081 92.8376369433
91.091355627 95.8994602917
90.6963373618 95.8422440458
88.2522565683 96.2195335906
87.085268861 96.2060406078
94.1787433478 100.719851328
91.2046492378 98.7421942917
91.0208150455 99.1346785014
91.1236988984 101.255508808
87.1040820055 98.9489276855
88.9726172624 98.706134519
86.9128143825 102.844544816
90.1050316982 98.9610746684
86.5262538299 102.117662889
87.110141042 99.3455435015
87.8431350626 100.529717427
89.8815676387 107.307464384
84.6187828404 104.842474172
88.6980068626 101.953450018
89.6030359966 102.330773143
83.7359505792 102.327651168
88.4716862392 105.859379997
89.1297875549 106.482435643
89.4485434272 101.950971102
86.1164499528 105.691404195
86.4016179733 109.006827081
84.9507981712 107.829379686
82.2629388324 105.943064096
87.7395906336 104.733378102
88.458456069 107.695782761
86.4482347724 106.752196041
86.6607623515 109.539710798
87.4122590182 108.883769199
83.181003468 108.896707037
88.343330275 110.177855658
80.912756431 113.159572787
83.9122600292 110.972531446
84.622311207 113.877684209
82.0354314222 112.739516307
82.404425115 111.77299857
83.6876096699 114.779827225
79.7020354539 115.961596514
82.4407087898 113.669808739
78.6618032144 114.024222593
81.3904464934 115.139176679
80.3424769255 117.172805198
84.0326111593 118.192954833
80.1117420065 116.757966744
81.0578316499 115.220148511
79.8882766403 115.657162224
79.7109896785 120.425332818
78.8570555727 116.1081444
81.6391188278 119.675904334
77.4820819773 116.811508884
80.9989001117 118.699562432
78.187479769 119.682227951
76.1944079804 121.503743966
81.7901004589 114.688060614
77.1068685441 121.887528488
74.7422406868 120.5046888
76.294000242 119.449386106
76.9808342474 123.39746936
75.6250781202 122.02113786
73.6926578179 123.827948184
74.2083187978 122.776502112
76.3378116389 121.599944258
73.1956401307 122.669744086
72.7294494982 120.239902298
73.7293799957 120.178699815
71.7406388442 120.52382656
74.5339615847 123.785022531
72.4671038982 123.356947592
74.2576887556 123.337743792
72.9589701088 126.709708573
69.1727413609 125.514551303
70.0423782409 129.132773177
67.3629322946 121.975202996
69.532281595 123.441098672
67.2885751823 126.273669313
65.4242141051 127.979130351
68.413803901 128.899866642
66.4952526129 128.094796218
64.4264621759 126.958430442
68.4538912165 125.382664557
65.9220586366 130.145036034
63.7161525923 124.845729801
66.6878879273 127.204572447
62.1525302197 125.643344968
64.5774446483 128.093902728
62.7106392734 128.229749015
64.0694928206 126.471284738
61.8259573395 126.637572937
64.6681957071 125.681214146
64.7377253517 127.242801961
61.0248080123 130.435159274
62.0220981768 127.96901545
61.8397427524 126.418040552
62.3400586036 131.218000389
59.1271977986 129.818444013
60.5608690795 128.462639011
59.2030466644 130.593847598
58.3652832232 126.473597176
56.4580453416 125.451244134
55.8702776221 127.906926013
55.9501441823 130.318196884
57.3072577101 129.347610175
55.2316759459 131.724877236
57.2482100051 130.191658558
55.8800031312 128.348625339
56.8308292135 128.528614545
51.6260801567 130.969913387
52.5315922012 126.753954281
54.3179243211 131.344380455
54.9586714384 130.564440637
52.5735981584 127.686403458
54.3826311063 134.740517308
49.4010657124 128.610084118
51.6639438455 127.724884812
49.47105134 129.715352929
50.317371589 126.030598068
48.4115140192 130.469176914
44.1233003423 129.598476388
48.4250986852 127.329191842
46.0684058942 130.23277586
45.125615306 132.937557851
47.2125891172 128.579582671
45.8406144729 131.934426352
45.1782498514 130.72413178
45.4734057319 131.015882718
41.0478952603 128.105132087
42.4948932265 126.17882357
39.9052853386 129.997781691
42.9364384727 131.0343601
42.4606339508 127.548146716
41.2101418172 127.539130333
42.4894626827 125.834606003
41.989082446 129.730982533
41.3329767597 127.449781569
39.6992883201 128.391146566
35.8032725271 129.302968926
39.2318923052 126.70138678
40.3503511838 124.505580945
36.573829936 127.096452019
35.4959187249 126.386590539
37.4190617247 125.797363823
36.1225002925 126.519318885
35.262015172 131.05303004
33.9713271048 128.772333816
34.6694561585 126.871427636
30.3296211635 128.651441082
33.9875293782 125.53756745
33.2995669569 125.97760207
36.4376486483 123.766286552
31.2021569204 126.284330575
35.5879720226 126.046543546
33.6592102562 126.804710411
32.4350590082 127.63663477
35.14286648 125.113333541
29.5466831257 124.943758251
29.0898203187 119.692405894
29.0369535387 124.391176386
28.1122077873 123.356832366
30.896574651 123.685421961
27.9470088869 121.922254461
26.4784971135 122.762510101
27.4385587421 123.455754165
30.0465144761 125.100778561
23.978628665 125.604879408
24.0027476133 126.933163023
25.9768350975 120.607355633
21.1440253641 120.378001218
27.8832075291 120.032922466
23.5135420436 117.911682333
21.6876412808 119.055017283
24.3799405795 115.757787517
24.6231404882 118.585427404
24.529851209 119.199643319
21.6728418324 119.869979285
23.2098969244 122.566300628
19.2429275112 116.759148394
19.0486212919 116.665711486
20.1394008995 116.561510591
19.8715568403 116.057709355
19.9989677709 117.564841202
22.3691267091 115.604166964
23.4697414922 117.70119785
21.9321547664 113.612824947
15.5191815544 115.84066226
19.5518080198 111.395860936
15.5839025126 115.106246938
20.3260017417 116.716740008
16.1190254453 114.811465369
18.8915364923 113.132556592
15.271894279 110.578614463
18.574397266 109.010734964
16.2264050075 112.239624304
18.730332497 110.820746946
13.492816911 111.812136709
14.5771727467 114.244725131
14.0246626627 110.602250268
19.5948188673 111.935770312
15.2310264561 110.350093613
19.8306841929 111.754233317
12.1342333435 108.880593882
16.6921236226 104.996794676
14.9167120919 107.482671633
14.6986834606 105.558599399
10.2561791322 104.570955839
17.4538238754 106.000809904
11.60057839 108.737915273
15.1469526847 103.616454997
15.2699988327 107.099486904
11.3894925407 105.493190645
12.0182761254 106.447496156
10.0642282749 102.659120802
14.0644276688 102.845309909
13.4160320389 106.005624831
11.2568615186 99.8630842411
15.0864425858 100.702248887
12.4567159693 99.9336298112
8.54683647563 98.7216569393
14.1792087802 99.3031563977
11.1307196513 100.249046447
13.6671388028 99.4677878319
10.6850250005 96.9706417111
12.2622355731 94.0102053306
8.64736148807 99.1694241168
11.7979169278 94.6518476802
11.8912123587 97.6520931343
8.3677376509 96.0761787183
13.8658544588 94.7382972354
7.89810594383 95.5475605719
9.41060607113 94.0165336831
11.2951667099 94.1274326615
9.66209490396 91.6761371875
8.74083612675 91.1944776486
9.1335999068 96.2639459976
10.6080636825 91.1451646396
10.0320920861 92.2351520928
10.8212794389 91.8822810318
12.4377675183 90.05723599
10.9607261438 89.0078077281
6.53264849179 88.6011657395
13.0928088792 88.5358883607
12.3131683787 89.9488751131
9.09370787602 92.0723003822
12.0601182675 89.5513714927
8.525272141 85.9530469072
11.6749457872 89.1481124839
10.3730490867 89.6743945011
10.2201832839 87.1891369159
10.5387011144 87.4440965694
9.94020139358 84.6973322847
7.64631841159 84.8693380319
10.9171941918 84.8266428036
11.4950693412 81.9383780766
12.2338552673 88.0050097759
9.71610732417 84.1580390566
9.9428916641 79.9865940261
8.95830704566 82.4654401688
11.3820263107 82.5747178102
11.0532015988 77.9906437086
11.1602876498 79.7093906503
12.9115863003 76.9532017334
8.13635790931 79.8105538187
10.4113517675 77.4318617501
13.2130225787 77.9724213067
12.5958779962 79.8285967687
14.5575481025 76.9933670884
11.5280096128 74.1268312831
13.3943835153 80.670894896
15.0343694655 76.0271681117
10.9276202222 72.6602969507
12.252340268 67.1647488495
14.3419265591 76.675592756
13.9288185541 73.0763978982
16.6196541041 72.4195831907
12.9670040192 74.6741222786
14.3543038662 71.1030044063
16.2830792203 70.9629880751
17.774559151 70.2211375839
13.8415015601 69.7808045874
15.9816678543 73.2095995694
16.245740624 71.7078503088
18.2756982636 69.474390724
17.9183356868 69.0525940958
20.482361001 69.395923607
15.4582197762 68.6532902975
15.3553340247 64.9845449527
17.7978899563 68.0824454732
18.6886986774 65.5141820616
16.0579690937 65.8135147574
15.9493734964 71.7722758328
19.0014986967 64.6815545991
19.4097148561 68.0488554735
20.2238513411 67.0289038948
20.1426407261 61.7909960214
17.9787095578 66.5385891215
19.424477598 64.5549211688
21.2574023297 61.6153462208
20.8593881677 62.4143999986
17.8670901772 63.7004039589
19.4681210787 61.5424625372
18.8232496161 60.9806866778
22.7306518525 64.9724549111
19.9428245078 62.1673095447
23.6114139631 63.2162866981
25.447419231 58.5727971877
23.4177389552 62.9067058675
24.7567273464 62.9106504722
26.4751693572 64.4683479058
19.1819179491 58.7918193224
24.1285047452 56.2878190133
24.1510813088 61.6638977155
25.7038396246 60.4298402683
29.2506189132 57.6222906906
25.5609135166 55.2677164251
26.2286281334 56.1767124836
26.7513908351 56.8641353047
26.1435768179 54.7402464102
27.2588122924 56.7783257118
26.6402007588 57.1782098827
28.5640527754 55.6823139032
31.0998841979 60.5511676242
31.3990904004 56.9646825261
30.143839823 55.6847342727
31.7309975087 54.0704633105
28.0198358545 55.7913512503
30.0410424252 55.4827442258
30.2264501538 51.9561748054
29.5263033055 54.7984634873
36.6906702664 54.4159759979
34.2137566314 54.0871798012
34.1467580052 58.3206299023
32.5804344474 53.0677081254
33.2544735043 54.6151108696
35.5736370006 52.33976959
37.01121193 50.7959479616
36.2318787515 53.027112206
39.6090071501 53.5281962039
36.9978478184 49.5980281266
34.4624122752 53.2992547825
36.4783716609 51.4780029551
36.6163477571 52.1719257689
39.2892427185 55.1524615309
42.9493164331 53.6465797239
41.9633328827 49.0502739699
42.8303365037 49.3788099779
37.5648741705 57.4728504446
41.8875772651 49.6989319731
41.753968263 51.0533749823
38.0872642061 49.3809136501
43.7764165028 50.7858749963
39.8836221024 49.6407284621
43.4020123547 50.7014489463
40.8383495552 50.9706932118
47.7487095108 47.2019825774
46.0637593731 53.0083426616
46.4432373915 51.4389720582
45.2295423962 49.8364782811
44.3879007919 49.9160745459
46.0703667357 48.8014764161
50.5688561003 49.8481140083
49.4333775406 50.803766889
